G_down: 14 15
  3.20   3.41   3.18   7.38   8.14   8.84   3.30   1.28   8.97   3.94   4.23   0.70   6.58   1.07   3.91 
  6.27   9.62   1.36   6.93   4.98   8.85   8.05   9.48   6.76   5.64   2.92   5.76   3.29   5.91   0.39 
  7.79   8.99   6.55   7.76   8.94   5.15   4.30   7.72   4.55   0.73   8.47   5.08   2.09   2.93   3.60 
  1.05   6.79   8.16   0.92   8.97   9.48   3.86   3.98   1.41   9.07   8.93   5.88   8.46   9.79   4.26 
  9.19   3.49   1.83   8.55   8.14   3.67   5.84   1.83   6.92   7.95   4.92   2.68   2.23   9.86   4.64 
  1.47   5.26   1.63   6.58   7.79   3.74   3.80   7.46   2.92   1.41   9.75   2.75   7.06   1.05   1.40 
  1.14   5.05   7.78   6.23   5.25   4.49   8.99   7.31   8.27   5.07   9.86   6.79   8.36   1.32   3.31 
  1.23   1.76   3.05   9.02   3.60   2.50   5.64   8.72   6.39   2.89   8.88   3.69   9.10   0.26   7.49 
  8.88   4.14   2.27   8.96   7.27   5.27   0.86   5.07   0.89   4.06   7.04   8.94   1.16   4.95   5.54 
  4.82   3.79   1.23   4.26   2.94   8.06   8.22   2.39   4.82   1.91   8.62   6.84   1.75   5.17   3.04 
  5.39   2.14   8.92   3.08   0.56   6.61   4.87   8.03   2.46   5.82   9.49   9.06   1.36   6.85   6.33 
  2.90   2.26   4.25   2.14   9.34   5.61   5.67   3.55   7.05   8.83   0.72   7.07   0.28   2.29   6.07 
  7.58   7.89   7.73   6.41   4.36   6.19   4.15   5.04   1.90   0.48   3.06   7.58   6.21   9.52   7.96 
  6.24   2.33   0.89   6.19   6.88   9.10   2.16   1.56   4.89   9.76   5.74   6.36   3.79   3.50   3.97 
---
G_right: 15 14
  0.56   0.76   0.34   0.37   0.84   0.57   0.42   0.28   0.82   0.38   0.99   0.74   0.66   0.14 
  0.43   0.34   0.22   0.43   0.66   0.60   0.64   0.53   0.81   0.60   0.20   0.83   0.16   0.79 
  0.84   0.88   0.23   0.75   0.77   0.44   0.19   0.17   0.39   0.89   0.80   0.98   0.71   0.43 
  0.63   0.45   0.59   0.75   0.20   0.62   0.86   0.65   0.84   0.54   0.27   0.71   0.70   0.12 
  0.62   0.23   0.59   0.72   0.24   0.38   0.52   0.15   0.95   0.91   0.12   0.21   0.79   0.72 
  0.78   0.85   0.36   0.48   0.18   0.94   0.73   0.67   0.36   0.16   0.74   0.15   0.92   0.50 
  0.47   0.77   0.28   0.81   0.42   0.67   0.96   0.51   0.47   0.38   0.71   0.33   0.88   0.46 
  0.75   0.22   0.50   0.70   0.42   0.67   0.59   0.82   0.92   0.27   0.94   0.82   0.86   0.94 
  0.68   0.34   0.34   0.46   0.98   0.93   0.12   0.66   0.85   0.69   0.90   0.82   0.26   0.15 
  0.78   0.72   0.16   0.37   0.21   0.75   0.14   0.17   0.30   0.89   0.55   0.81   0.51   0.53 
  0.30   0.33   0.68   0.54   0.25   0.54   0.22   0.74   0.88   0.95   0.40   0.42   0.77   0.86 
  0.38   0.44   0.93   0.68   0.80   0.88   0.40   0.36   0.99   0.81   0.34   0.18   0.38   0.14 
  0.94   0.77   0.33   0.13   0.97   0.28   0.41   0.13   0.30   0.63   0.84   0.24   0.93   0.99 
  0.54   0.50   0.28   0.49   0.66   0.63   0.43   0.66   0.18   0.61   0.24   0.61   0.11   0.29 
  0.40   0.17   0.53   0.90   0.41   0.41   0.76   0.81   0.13   0.40   0.64   0.75   0.82   0.89 
---
