G_down: 14 15
  0.87   0.78   0.33   0.13   0.43   0.25   0.83   0.38   0.27   0.30   0.82   0.41   0.34   0.47   0.65 
  0.51   0.12   0.74   0.24   0.33   0.27   0.59   0.23   0.30   0.36   0.98   0.70   0.24   0.51   0.79 
  0.29   0.95   0.95   0.98   0.29   0.42   0.23   0.44   0.59   0.37   0.71   0.12   0.73   0.18   0.38 
  0.96   0.56   0.69   0.24   0.20   0.90   0.71   0.44   0.72   0.94   0.41   0.69   0.93   0.59   0.51 
  0.28   0.10   0.50   0.37   0.67   0.16   0.92   0.47   0.46   0.12   0.16   0.76   0.64   0.50   0.54 
  0.91   0.77   0.80   0.25   0.13   0.34   0.40   0.17   0.26   0.14   0.52   0.12   0.28   0.71   0.87 
  0.44   0.12   0.75   0.19   0.92   0.44   0.21   0.24   0.89   0.49   0.92   0.74   0.59   0.16   0.77 
  0.75   0.50   0.68   0.55   0.23   0.27   0.59   0.60   0.66   0.51   0.54   0.49   0.34   0.63   0.43 
  0.33   0.23   0.50   0.42   0.45   0.14   0.72   0.51   0.31   0.87   0.73   0.60   0.24   0.62   0.64 
  0.90   0.72   0.17   0.63   0.74   0.35   0.34   0.78   0.50   0.93   0.92   0.66   0.43   0.28   0.49 
  0.70   0.17   0.77   0.63   0.78   0.97   0.93   0.78   0.63   0.76   0.45   0.14   0.94   0.14   0.25 
  0.23   0.74   0.40   0.62   0.40   0.67   0.24   0.29   0.78   0.68   0.22   0.94   0.53   0.97   0.69 
  0.23   0.93   0.33   0.79   0.62   0.65   0.74   0.90   0.38   0.14   0.46   0.24   0.86   0.92   0.25 
  0.69   0.48   0.51   0.89   0.63   0.81   0.46   0.79   0.14   0.10   0.42   0.35   0.56   0.57   0.52 
---
G_right: 15 14
  0.39   0.74   0.47   0.45   0.14   0.92   0.42   0.54   0.53   0.75   0.95   0.40   0.58   0.48 
  0.32   0.58   0.14   0.62   0.64   0.47   0.86   0.61   0.27   0.31   0.88   0.64   0.21   0.89 
  0.78   0.67   0.70   0.53   0.88   0.87   0.83   0.20   0.47   0.25   0.82   0.93   0.73   0.33 
  0.42   0.97   0.96   0.46   0.61   0.88   0.88   0.46   0.73   0.75   0.39   0.60   0.33   0.25 
  0.36   0.20   0.58   0.95   0.40   0.17   0.45   0.25   0.20   0.12   0.34   0.57   0.20   0.96 
  0.27   0.15   0.76   0.33   0.58   0.51   0.92   0.30   0.65   0.54   0.98   0.72   0.77   0.98 
  0.84   0.59   0.89   0.59   0.48   0.52   0.22   0.55   0.22   0.62   0.15   0.94   0.15   0.68 
  0.80   0.87   0.96   0.31   0.29   0.25   0.44   0.80   0.71   0.52   0.68   0.80   0.86   0.27 
  0.14   0.24   0.15   0.90   0.60   0.92   0.53   0.46   0.88   0.64   0.77   0.77   0.93   0.51 
  0.94   0.21   0.10   0.96   0.78   0.66   0.41   0.95   0.66   0.62   0.13   0.95   0.51   0.24 
  0.36   0.76   0.17   0.56   0.65   0.87   0.72   0.67   0.12   0.11   0.72   0.84   0.38   0.92 
  0.84   0.51   0.80   0.66   0.10   0.59   0.85   0.19   0.21   0.50   0.19   0.47   0.37   0.82 
  0.16   0.89   0.15   0.75   0.11   0.50   0.96   0.25   0.86   0.78   0.50   0.69   0.29   0.60 
  0.39   0.28   0.66   0.16   0.49   0.58   0.67   0.69   0.69   0.81   0.41   0.36   0.57   0.97 
  0.84   0.64   0.91   0.30   0.88   0.71   0.76   0.78   0.57   0.87   0.16   0.63   0.61   0.16 
