G_down: 14 15
  3.64   4.55   3.84   0.70   7.78   9.06   7.31   0.11   3.12   9.05   1.52   2.87   3.32   6.39   5.90 
  9.83   6.59   4.00   7.61   5.37   3.28   1.65   8.74   2.50   1.06   8.82   6.60   9.02   7.68   4.14 
  3.51   4.19   6.53   9.11   5.22   3.55   0.91   4.58   0.34   4.52   0.50   0.55   0.81   1.13   6.59 
  2.29   5.27   0.54   6.74   2.00   4.20   2.10   5.68   9.15   5.40   9.08   6.67   9.18   0.68   5.83 
  7.11   3.62   4.39   0.90   9.67   4.68   7.95   1.47   8.77   0.71   2.14   1.14   5.21   8.37   6.33 
  6.38   5.29   7.93   1.95   0.89   4.54   9.76   9.05   9.19   3.19   3.27   7.49   3.46   6.46   9.44 
  7.46   6.22   5.84   1.47   4.63   7.44   9.87   2.46   9.54   0.43   4.49   5.43   7.08   5.15   2.75 
  6.00   8.69   8.25   4.60   5.25   6.95   0.52   3.67   8.59   2.96   1.61   4.31   4.40   7.41   3.12 
  1.84   9.15   0.55   5.59   0.54   2.76   9.60   7.31   5.31   3.30   0.98   1.06   8.90   5.67   0.81 
  9.87   8.03   3.43   4.15   6.25   8.97   0.94   4.44   9.82   6.34   2.05   8.99   2.46   1.34   5.49 
  6.32   8.30   2.75   7.58   7.55   9.72   0.18   3.58   2.50   3.76   1.87   7.09   7.11   0.49   3.90 
  9.65   4.03   4.49   9.57   1.59   7.65   1.95   0.47   9.15   0.77   7.61   5.70   2.83   5.41   2.17 
  1.03   1.13   3.69   5.05   0.30   3.11   7.16   9.77   6.72   7.15   1.47   4.78   8.93   8.67   5.55 
  8.61   3.54   7.77   4.60   2.89   7.36   2.98   7.34   2.32   2.67   4.64   1.36   3.23   7.99   6.11 
---
G_right: 15 14
  0.96   0.72   0.31   0.53   0.38   0.78   0.74   0.52   0.73   0.76   0.75   0.67   0.90   0.31 
  0.56   0.49   0.55   0.20   0.21   0.98   0.17   0.49   0.99   0.27   0.27   0.52   0.53   0.41 
  0.75   0.66   0.53   0.97   0.29   0.48   0.82   0.30   0.73   0.58   0.76   0.11   0.68   0.97 
  0.58   0.76   0.69   0.96   0.19   0.13   0.60   0.14   0.64   0.71   0.92   0.18   0.38   0.19 
  0.32   0.78   0.61   0.73   0.68   0.46   0.41   0.76   0.34   0.78   0.44   0.47   0.63   0.94 
  0.50   0.97   0.57   0.71   0.45   0.75   0.47   0.14   0.81   0.39   0.55   0.86   0.33   0.61 
  0.54   0.27   0.30   0.35   0.92   0.86   0.68   0.64   0.75   0.99   0.25   0.27   0.52   0.40 
  0.34   0.96   0.43   0.62   0.36   0.82   0.60   0.89   0.32   0.73   0.54   0.21   0.13   0.87 
  0.44   0.61   0.17   0.47   0.49   0.66   0.62   0.13   0.36   0.32   0.56   0.92   0.85   0.66 
  0.93   0.87   0.94   0.24   0.56   0.51   0.18   0.82   0.15   0.34   0.78   0.66   0.71   0.38 
  0.47   0.67   0.99   0.11   0.96   0.73   0.78   0.83   0.16   0.98   0.66   0.44   0.58   0.88 
  0.51   0.60   0.48   0.26   0.20   0.90   0.89   0.16   0.77   0.15   0.33   0.29   0.39   0.95 
  0.40   0.10   0.71   0.62   0.50   0.84   0.42   0.78   0.79   0.27   0.20   0.56   0.56   0.92 
  0.48   0.32   0.30   0.94   0.77   0.80   0.83   0.41   0.98   0.41   0.31   0.80   0.55   0.60 
  0.55   0.74   0.18   0.25   0.84   0.61   0.18   0.89   0.84   0.44   0.62   0.61   0.12   0.21 
---
