G_down: 14 15
  3.79   7.05   9.88   6.47   9.88   3.08   1.79   1.49   0.14   2.41   3.28   6.31   1.85   5.20   4.56 
  7.82   8.17   3.05   7.30   5.26   7.79   2.58   0.60   3.09   4.52   8.53   3.71   0.95   9.35   5.65 
  4.36   3.94   6.97   9.33   7.42   2.43   8.78   0.31   3.77   6.26   2.15   3.24   4.19   4.15   2.71 
  6.59   4.80   3.58   3.01   3.17   8.95   6.67   8.79   5.77   4.37   1.94   9.56   6.18   2.91   2.59 
  2.67   2.28   8.03   2.01   3.98   5.05   7.02   5.07   6.25   8.84   9.65   9.44   5.93   0.21   5.80 
  1.52   7.48   1.63   2.98   6.42   5.04   3.41   7.59   8.33   0.69   9.01   8.80   6.01   9.12   1.43 
  0.77   0.30   3.61   8.56   8.19   2.34   1.06   7.70   7.09   7.68   4.02   3.94   8.33   6.62   9.75 
  5.17   4.16   1.61   1.15   5.63   3.63   4.52   2.21   4.66   8.91   9.83   2.45   4.32   2.68   7.38 
  5.12   5.98   5.62   4.60   2.25   5.22   4.58   6.01   7.49   9.06   2.31   9.67   7.04   8.91   5.62 
  4.23   6.65   6.42   2.53   3.80   7.29   9.70   6.77   8.27   6.58   1.09   5.99   3.90   6.18   3.02 
  8.01   6.09   7.22   3.08   7.04   8.07   3.05   8.04   4.57   5.09   3.71   0.57   9.79   2.29   3.58 
  1.33   6.67   7.57   0.61   9.27   5.97   0.30   4.06   0.67   6.24   1.12   1.78   0.66   8.74   7.00 
  6.30   5.18   2.11   4.28   6.37   6.12   2.73   0.47   8.58   4.43   9.11   1.86   2.80   3.39   9.70 
  1.05   0.63   6.27   3.99   7.64   3.69   5.22   6.96   2.64   7.66   2.93   5.19   6.26   2.33   4.41 
---
G_right: 15 14
  0.70   0.94   0.91   0.20   0.63   0.83   0.78   0.52   0.46   0.47   0.91   0.64   0.97   0.38 
  0.46   0.51   0.59   0.40   0.83   0.83   0.12   0.45   0.51   0.26   0.49   0.40   0.53   0.35 
  0.57   0.71   0.30   0.87   0.28   0.24   0.15   0.54   0.89   0.89   0.83   0.61   0.37   0.97 
  0.82   0.40   0.91   0.39   0.39   0.71   0.65   0.76   0.64   0.53   0.59   0.42   0.51   0.44 
  0.28   0.69   0.38   0.68   0.84   0.90   0.50   0.51   0.18   0.48   0.72   0.59   0.12   0.54 
  0.11   0.13   0.86   0.75   0.94   0.31   0.30   0.32   0.33   0.43   0.80   0.19   0.16   0.82 
  0.82   0.35   0.66   0.27   0.72   0.14   0.26   0.49   0.73   0.34   0.98   0.43   0.89   0.91 
  0.52   0.31   0.40   0.87   0.69   0.79   0.80   0.99   0.91   0.73   0.52   0.95   0.13   0.94 
  0.89   0.66   0.87   0.43   0.93   0.27   0.53   0.97   0.97   0.13   0.15   0.95   0.74   0.89 
  0.79   0.40   0.49   0.75   0.46   0.32   0.97   0.60   0.44   0.39   0.80   0.17   0.11   0.70 
  0.89   0.68   0.33   0.87   0.44   0.44   0.72   0.91   0.20   0.66   0.25   0.43   0.70   0.53 
  0.30   0.21   0.50   0.91   0.60   0.90   0.49   0.75   0.46   0.23   0.55   0.66   0.57   0.95 
  0.96   0.77   0.74   0.69   0.91   0.84   0.25   0.33   0.54   0.10   0.73   0.58   0.89   0.13 
  0.33   0.57   0.40   0.56   0.29   0.99   0.20   0.83   0.97   0.77   0.77   0.64   0.54   0.28 
  0.62   0.65   0.89   0.91   0.77   0.92   0.94   0.25   0.97   0.96   0.37   0.34   0.58   0.89 
---
