G_down: 14 15
  2.05   1.29   0.90   4.53   7.02   3.47   1.47   6.18   1.94   0.11   2.61   1.50   6.56   3.68   5.85 
  9.17   4.54   0.60   1.65   2.27   1.14   1.77   2.64   6.75   7.83   6.48   0.51   9.73   0.99   1.01 
  4.03   6.75   5.22   7.82   8.08   8.76   7.48   9.04   7.21   9.25   8.13   3.19   3.39   2.72   5.63 
  2.06   9.16   4.50   1.92   8.59   8.26   3.66   7.33   3.52   3.83   5.97   6.36   0.59   4.65   7.69 
  8.18   8.39   5.36   3.57   1.93   5.60   9.43   8.35   2.15   1.34   4.21   2.12   9.85   6.05   6.61 
  7.64   6.16   5.94   1.01   4.81   3.39   8.87   1.00   5.91   9.75   9.86   5.81   5.40   1.55   9.46 
  6.28   2.07   9.36   1.19   3.25   8.58   2.05   7.78   8.27   0.34   1.38   1.04   9.16   6.27   0.77 
  2.49   1.01   1.74   8.49   0.55   0.53   9.52   8.16   9.65   6.75   5.90   9.71   1.44   3.25   4.11 
  1.22   2.70   6.64   5.78   7.71   6.69   5.64   1.04   4.40   8.82   2.34   2.99   1.53   3.18   7.22 
  9.58   5.61   2.60   6.52   9.29   4.57   3.93   2.20   7.95   2.65   9.01   9.75   8.82   0.30   5.88 
  2.39   8.81   4.38   4.78   8.92   4.15   7.94   5.06   8.97   7.97   7.88   3.18   5.39   1.61   3.65 
  1.34   1.74   3.28   8.90   8.33   9.73   0.21   0.64   6.30   9.39   3.68   9.02   1.10   8.49   3.66 
  7.55   1.67   5.41   9.10   2.60   1.58   4.63   5.98   9.36   8.22   1.25   0.87   2.77   4.84   8.23 
  8.71   3.26   5.27   2.80   4.02   7.72   9.25   0.99   9.40   2.70   7.01   6.94   4.74   2.97   3.23 
---
G_right: 15 14
  0.31   0.35   0.48   0.41   0.37   0.60   0.29   0.70   0.70   0.97   0.75   0.60   0.91   0.74 
  0.29   0.91   0.96   0.30   0.33   0.83   0.35   0.59   0.32   0.87   0.46   0.70   0.94   0.83 
  0.57   0.81   0.65   0.80   0.65   0.79   0.35   0.24   0.99   0.45   0.27   0.70   0.91   0.43 
  0.84   0.53   0.90   0.14   0.13   0.24   0.85   0.28   0.97   0.11   0.13   0.46   0.71   0.50 
  0.43   0.97   0.35   0.72   0.57   0.17   0.51   0.78   0.64   0.56   0.69   0.42   0.41   0.66 
  0.56   0.16   0.26   0.32   0.73   0.93   0.59   0.53   0.84   0.83   0.32   0.88   0.62   0.30 
  0.86   0.79   0.51   0.91   0.63   0.81   0.73   0.99   0.92   0.73   0.41   0.84   0.51   0.89 
  0.36   0.65   0.49   0.27   0.98   0.28   0.44   0.56   0.72   0.93   0.86   0.74   0.76   0.65 
  0.76   0.98   0.94   0.38   0.75   0.80   0.56   0.65   0.80   0.66   0.38   0.85   0.98   0.47 
  0.21   0.64   0.76   0.65   0.77   0.82   0.89   0.28   0.24   0.34   0.69   0.16   0.98   0.93 
  0.77   0.56   0.73   0.90   0.14   0.53   0.29   0.40   0.96   0.52   0.59   0.29   0.81   0.55 
  0.99   0.82   0.91   0.21   0.32   0.37   0.20   0.17   0.57   0.88   0.38   0.78   0.95   0.11 
  0.32   0.24   0.32   0.99   0.25   0.98   0.82   0.26   0.59   0.28   0.74   0.21   0.78   0.34 
  0.68   0.91   0.59   0.48   0.51   0.22   0.38   0.64   0.66   0.91   0.71   0.45   0.60   0.55 
  0.32   0.84   0.97   0.10   0.91   0.21   0.41   0.39   0.69   0.25   0.17   0.12   0.61   0.95 
---
