G_down: 14 15
  0.59   0.66   0.20   0.47   0.78   0.37   0.56   0.40   0.25   0.27   0.85   0.90   0.51   0.40   0.48 
  0.85   0.42   0.92   0.23   0.79   0.62   0.95   0.57   0.52   0.42   0.31   0.55   0.67   0.55   0.25 
  0.50   0.55   0.33   0.58   0.38   0.96   0.17   0.32   0.90   0.13   0.26   0.30   0.71   0.45   0.92 
  0.50   0.38   0.91   0.50   0.45   0.25   0.56   0.22   0.90   0.46   0.50   0.19   0.26   0.29   0.36 
  0.43   0.57   0.16   0.91   0.39   0.48   0.30   0.57   0.10   0.68   0.67   0.87   0.32   0.18   0.59 
  0.83   0.44   0.41   0.10   0.15   0.73   0.88   0.59   0.89   0.39   0.34   0.34   0.99   0.18   0.11 
  0.77   0.75   0.72   0.76   0.93   0.80   0.79   0.37   0.41   0.31   0.24   0.90   0.75   0.78   0.70 
  0.67   0.55   0.15   0.22   0.20   0.47   0.15   0.78   0.66   0.75   0.19   0.48   0.47   0.68   0.61 
  0.40   0.62   0.20   0.60   0.21   0.31   0.44   0.94   0.83   0.49   0.93   0.71   0.11   0.68   0.50 
  0.28   0.29   0.63   0.65   0.21   0.45   0.58   0.76   0.77   0.49   0.44   0.77   0.82   0.87   0.35 
  0.64   0.33   0.25   0.15   0.54   0.65   0.65   0.38   0.33   0.10   0.89   0.32   0.76   0.46   0.51 
  0.43   0.74   0.47   0.47   0.74   0.58   0.28   0.45   0.87   0.93   0.12   0.59   0.35   0.97   0.79 
  0.44   0.98   0.40   0.77   0.78   0.85   0.80   0.11   0.75   0.52   0.14   0.82   0.40   0.30   0.35 
  0.79   0.28   0.88   0.81   0.96   0.62   0.14   0.42   0.93   0.41   0.97   0.48   0.44   0.89   0.23 
---
G_right: 15 14
  0.88   0.54   0.48   0.87   0.31   0.65   0.49   0.71   0.66   0.93   0.96   0.37   0.87   0.80 
  0.81   0.77   0.32   0.58   0.62   0.21   0.71   0.45   0.33   0.67   0.33   0.52   0.34   0.70 
  0.21   0.82   0.79   0.24   0.76   0.12   0.97   0.75   0.45   0.73   0.46   0.33   0.88   0.85 
  0.10   0.74   0.53   0.27   0.62   0.72   0.92   0.81   0.44   0.32   0.18   0.77   0.57   0.11 
  0.26   0.78   0.63   0.83   0.91   0.47   0.87   0.12   0.11   0.74   0.30   0.69   0.28   0.46 
  0.83   0.26   0.11   0.89   0.57   0.60   0.75   0.17   0.79   0.15   0.31   0.31   0.31   0.27 
  0.71   0.19   0.13   0.48   0.84   0.21   0.13   0.25   0.18   0.29   0.37   0.22   0.54   0.46 
  0.63   0.27   0.63   0.95   0.18   0.41   0.35   0.96   0.57   0.15   0.74   0.59   0.16   0.70 
  0.58   0.81   0.85   0.24   0.52   0.14   0.38   0.44   0.97   0.65   0.57   0.49   0.26   0.89 
  0.44   0.25   0.94   0.59   0.42   0.17   0.60   0.95   0.14   0.93   0.21   0.73   0.74   0.61 
  0.78   0.49   0.35   0.81   0.11   0.33   0.57   0.12   0.41   0.10   0.23   0.47   0.25   0.51 
  0.16   0.92   0.20   0.87   0.50   0.96   0.81   0.91   0.55   0.15   0.96   0.49   0.98   0.66 
  0.92   0.64   0.15   0.58   0.60   0.88   0.72   0.23   0.33   0.45   0.29   0.21   0.73   0.32 
  0.76   0.63   0.55   0.77   0.89   0.93   0.97   0.42   0.72   0.75   0.27   0.59   0.28   0.92 
  0.40   0.40   0.11   0.25   0.89   0.35   0.68   0.88   0.53   0.74   0.95   0.29   0.95   0.95 
